//==============================================================================================================================||
// -- [>] Liaman the Barmaid													||
//==============================================================================================================================||
//																||
// [1]			: Item Section								[0 - 15]			||
// [2]			: Item Index								[0 - 512]			||
// [3]			: Item Level								[0 - 15]			||
// [4]			: Item Durabilidade							[0 - 255]			||
// [5]			: Item Add Skill											||
// [6]			: Item Add Luck												||
// [7]			: Item Add Option Life							[0 - 7]				||
// [8]			: Item Add Excellent							[1, 2, 4, 8, 16, 32]		||
// [9]			: Item Add Ancient							[0 - 4]				||
// [10]			: Item Add Ex380											||
// [11]			: Item Slot Socket 1							[0 - 255][-1 Desativa]		||
// [12]			: Item Slot Socket 2							[0 - 255][-1 Desativa]		||
// [13]			: Item Slot Socket 3							[0 - 255][-1 Desativa]		||
// [14]			: Item Slot Socket 4							[0 - 255][-1 Desativa]		||
// [15]			: Item Slot Socket 5							[0 - 255][-1 Desativa]		||
//																||
//------------------------------------------------------------------------------------------------------------------------------||
//	[1]	[2]	[3]	[4]	[5]	[6]	[7]	[8]	[9]	[10]	[11]	[12]	[13]	[14]	[15]	||
//------------------------------------------------------------------------------------------------------------------------------||
	14 	8 	0 	255	0 	0 	0 	0	0	0	0	0	0	0	0	//Antidote
	14 	3 	0 	255	0 	0 	0 	0	0	0	0	0	0	0	0 	//Large Healing Potion
	14 	6 	0 	255 	0 	0 	0 	0	0	0	0	0	0	0	0 	//Large Mana Potion
	13 	0 	0 	255 	0 	0 	0 	0	0	0	0	0	0	0	0 	//Guardian Angel
	13 	1 	0 	255 	0 	0 	0 	0	0	0	0	0	0	0	0 	//Imp
	13 	3 	0 	255 	0 	0 	0 	0	0	0	0	0	0	0	0 	//Horn of Dinorant
	14 	10 	0 	255 	0 	0 	0 	0	0	0	0	0	0	0	0 	//Town Portal Scroll
	13	31	0	255	0	0	0	0	0	0	0	0	0	0	0 //pet corvo
	13	31	1	255	0	0	0	0	0	0	0	0	0	0	0 //pet cavalo
	14	54	0	255	0	0	0	0	0	0	0	0	0	0	0 //chaos card
	13	46	0	1	0	0	0	0	0	0	0	0	0	0	0
	13	47	0	1	0	0	0	0	0	0	0	0	0	0	0
	14	26	0	255	0	0	0	0	0	0	0	0	0	0	0	//Soul Shard of Wizard
	14	23	0	255	0	0	0	0	0	0	0	0	0	0	0	//Scroll of the Emperor
	14	24	0	255	0	0	0	0	0	0	0	0	0	0	0	//Broken Sword
	14	25	0	255	0	0	0	0	0	0	0	0	0	0	0	//Tear of Elf
	14	11	12	0	0	0	0	0	0	0	-1	-1	-1	-1	-1
	14	180	0	0	0	0	0	0	0	0	-1	-1	-1	-1	-1
end
